|CLIP-RN50   | 0      | None      | None       |None             |61.31 +- 0.31|
|            | 200    |1          | 9          |150              |67.03 +- 0.30|
|            |        |2          | 18         |300              |67.16 +- 0.34|
|            |        |3          | 27         |450              |67.19 +- 0.44|
|            |        |4          | 36         |600              |-|
|            | 400    |1          | 9          |150              |67.10 +- 0.90|
|            |        |2          | 18         |300              |67.18 +- 0.30|
|            |        |3          | 27         |450              |67.21 +- 0.44|
|            |        |4          | 36         |600              |-|
|            | 600    |1          | 9          |150              |67.31 +- 0.30|
|            |        |2          | 18         |300              |67.31 +- 0.30|
|            |        |3          | 27         |450              |67.35 +- 0.43|
|            |        |4          | 36         |600              |-|
|            | 800    |1          | 9          |150              |67.37 +- 0.30|
|            |        |2          | 18         |300              |67.58 +- 0.67|
|            |        |3          | 27         |450              |67.61 +- 0.67|
|            |        |4          | 36         |600              |-|